local OrionLib = loadstring(game:HttpGet(('https://pastebin.com/raw/WRUyYTdY')))()
local Window = OrionLib:MakeWindow({Name = "Hacker Hub | Interliminality [All Chapter]", HidePremium = false, IntroText = "Hacker Hub, Loading...", SaveConfig = true, ConfigFolder = "HackerHub Interliminality"})

-- loadstring
local ESP = loadstring(game:HttpGet("https://kiriot22.com/releases/ESP.lua"))()

-- config
ESP.Boxes = false
ESP.Names = true
ESP:Toggle(true)


OrionLib:MakeNotification({
Name = "Hacker Notification",
Content = "Hacker Hub Made By Hacker3331",
Image = "rbxassetid://16103628265",
Time = 10
})


local Tab = Window:MakeTab({
Name = "S1 : Chapter 1",
Icon = "rbxassetid://4483345998",
PremiumOnly = false
})


Tab:AddToggle({
	Name = "ESP Player",
	Default = false,
	Callback = function(Value)
		ESP.Players = Value
	end    
})


local Section = Tab:AddSection({
	Name = "Minigame"
})


Tab:AddButton({
	Name = "Teleport elevator (Minigame 1)",
	Callback = function()
      		local rootpart = game.Players.LocalPlayer.Character.HumanoidRootPart
         rootpart.CFrame = CFrame.new(3.14038873, 4.05000019, -157.592056, 0.999277115, -1.6472379e-08, -0.0380171053, 1.82200388e-08, 1, 4.56238496e-08, 0.0380171053, -4.62835423e-08, 0.999277115)
  	end    
})

Tab:AddButton({
	Name = "Teleport elevator (Minigame 2)",
	Callback = function()
      		local rootpart = game.Players.LocalPlayer.Character.HumanoidRootPart
         rootpart.CFrame = CFrame.new(-150.858871, 3.00999951, 672.559326, 0.99996376, -1.94141805e-08, 0.00851659756, 1.92621474e-08, 1, 1.793323e-08, -0.00851659756, -1.77685315e-08, 0.99996376)
  	end    
})

Tab:AddButton({
	Name = "Teleport elevator (Minigame 3)",
	Callback = function()
      		local rootpart = game.Players.LocalPlayer.Character.HumanoidRootPart
         rootpart.CFrame = CFrame.new(33.2903671, 3.49999976, 30.2841606, 0.999352872, 2.15650142e-09, -0.0359691456, -2.2281692e-09, 1, -1.95239447e-09, 0.0359691456, 2.03127648e-09, 0.999352872)
  	end    
})

Tab:AddButton({
	Name = "Teleport elevator (Minigame 4)",
	Callback = function()
      		local rootpart = game.Players.LocalPlayer.Character.HumanoidRootPart
         rootpart.CFrame = CFrame.new(309.955505, 3.61999583, 152.785004, -0.99965024, 2.75469265e-08, -0.0264456216, 2.98034131e-08, 1, -8.49313082e-08, 0.0264456216, -8.56897771e-08, -0.99965024)
  	end    
})

Tab:AddButton({
	Name = "Teleport elevator (Minigame 5)",
	Callback = function()
      		local rootpart = game.Players.LocalPlayer.Character.HumanoidRootPart
         rootpart.CFrame = CFrame.new(57.8919754, 3.59999967, -47.3558617, 0.999818742, 0, -0.0190391783, 0, 1, 0, 0.0190391783, 0, 0.999818742)
  	end    
})

Tab:AddButton({
	Name = "Teleport elevator (Minigame 6)",
	Callback = function()
      		local rootpart = game.Players.LocalPlayer.Character.HumanoidRootPart
         rootpart.CFrame = CFrame.new(286.239594, 3.54999995, -57.2608948, 0.985474288, -4.90189009e-08, 0.169824585, 4.23348823e-08, 1, 4.29794227e-08, -0.169824585, -3.51656126e-08, 0.985474288)
  	end    
})


local Tab2 = Window:MakeTab({
Name = "Halloween Event 🎃",
Icon = "rbxassetid://4483345998",
PremiumOnly = false
})


Tab2:AddToggle({
	Name = "ESP Player",
	Default = false,
	Callback = function(Value)
		ESP.Players = Value
	end    
})


local Section = Tab2:AddSection({
	Name = "Minigame 1"
})


Tab2:AddButton({
	Name = "ESP All",
	Callback = function()
      		ESP:AddObjectListener(Workspace.Puzzle.Pumpkins, {
         Name = "pumpkin",
         CustomName = "Pumbkin",
         Color = Color3.fromRGB(0, 255, 0), 
         IsEnabled = "pumb" 
         })
         ESP.pumb = true

         ESP:AddObjectListener(Workspace.NPCS, {
         Name = "Entity",
         CustomName = "Monster",
         Color = Color3.fromRGB(255, 0, 0), 
         IsEnabled = "monster" 
         })
         ESP.monster = true
  	end    
})

Tab2:AddButton({
	Name = "Teleport to Exit Room (If you alr collect all pumbkin)",
	Callback = function()
      		local rootpart = game.Players.LocalPlayer.Character.HumanoidRootPart
         rootpart.CFrame = CFrame.new(-49.3997192, 5.55001831, 162.899963, 1, 0, 0, 0, 1, 0, 0, 0, 1)
  	end    
})


local Section = Tab2:AddSection({
	Name = "Minigame 2"
})


Tab2:AddButton({
	Name = "Teleport to exit elevator (Minigame 2)",
	Callback = function()
      		local rootpart = game.Players.LocalPlayer.Character.HumanoidRootPart
         rootpart.CFrame = game:GetService("Workspace").ExitElevator.Invisible.CFrame
  	end    
})

Tab2:AddButton({
	Name = "Teleport to last elevator (Minigame 3)",
	Callback = function()
      		local rootpart = game.Players.LocalPlayer.Character.HumanoidRootPart
         rootpart.CFrame = CFrame.new(20.7504025, 4.09998894, 5.02151489, -0.0310282651, 2.25436647e-08, 0.999518514, -3.21166773e-08, 1, -2.35515287e-08, -0.999518514, -3.28319736e-08, -0.0310282651)
  	end    
})


local Tab3 = Window:MakeTab({
Name = "Misc",
Icon = "rbxassetid://4483345998",
PremiumOnly = false
})


Tab3:AddButton({
	Name = "Hacker Admin",
	Callback = function()
      		loadstring(game:HttpGet("https://raw.githubusercontent.com/Hacker3331/HackerHub-Games/main/HackerAdminGames.lua"))()
  	end    
})


local Tab4 = Window:MakeTab({
Name = "Credit",
Icon = "rbxassetid://4483345998",
PremiumOnly = false
})


local Section = Tab4:AddSection({
Name = "Made by Hacker3331"
})


Tab4:AddButton({
	Name = "Github",
	Callback = function()
      		setclipboard("github.com/Hacker3331")
  	end    
})


OrionLib:Init()
